65 164 174 125 117 119 134 141 142 144 144 142 141 143 141 139 136 125 160 164 163 161 200 143 130 133 136 108
166 170 169 124 116 119 133 140 141 142 143 139 139 141 141 139 138 124 151 167 165 162 168 197 127 134 102  61
170 165 169 122 115 119 133 138 141 141 143 146 156 151 138 139 137 126 144 160 162 160 153 194 161  97  62  61
167 140 172 119 110 118 131 137 138 136 140 151 173 187 186 143 129 121 146 155 156 154 152 159 166  60  62  60
132 132 172 117 110 116 128 135 129 129 137 145 168 186 199 206 150 112 147 154 125 156 154 146  65  62  65 108
105 131 171 117 110 116 128 131 126 131 144 145 165 194 201 206 208 130 145 156  78 145 155  84  64  62  99 157
104 130 171 116 108 115 132 133 127 137 139 156 183 190 197 202 205 201 141 156  81 173 181  61  63  78 151 164
112 134 175 119 111 117 146 125 125 134 149 166 178 180 186 192 192 199 183 170 191 205 190  61  63 132 163 161
111 135 178 121 111 114 152 144 124 143 149 158 170 173 172 180 181 178 192 199 202 185 143  60  98 160 163 162
111 140 178 121 110 114 156 164 132 141 143 149 131 140 136 126 173 194 195 202 183 146  88  65 145 163 161 160
115 141 178 122 109 113 142 172 133 136 138 110  81  93  84 143 187 190 177 147 148 106  61  94 163 165 161 158
117 134 179 122 108 114 120 181 132 132  94  76  75  74 137 183 178 192 143 120 101  65  62 125 169 166 163 159
115 130 179 124 111 117 129 151 131  85  68  71  80 142 173 170 185 204 181  91  79  67  77 154 160 159 160 158
114 129 180 125 111 117 136 121 102  72  68  69 124 176 152 142 180 196 164  75  96  66 107 162 163 159 153 147
110 123 182 126 112 113 155  89  87  71  68  83 181 122  99 128 160 148  96  66 105  63 138 160 159 157 150 145
106 116 184 131 123 123  86  84  96  82  60 148 143 158 159 160 158 178 125  70 108  77 153 156 155 147 167 190
 89 108 180 129 126  97  95  71  69 104  90 127 125 161 178 162 151 187 139  69 106 101 160 154 149 159 198 203
 89 107 180 131 116  90 100  80  79  78 138  71 125 154 164 152 139 176 112  70 108 129 157 153 145 189 206 209
 86 121 179 131 112  83  87 104  96 135  81  76 128 150 157 158 176 165  74  79 104 152 155 151 148 204 209 212
 72 122 182 135 109  74 103 101 158  99  63  74 110 142 147 141 153 116  62  81 109 158 155 150 152 213 213 212
 63 127 180 128  94  67 107 117 119  63  64  67  78 114 147 162 162  73  66  90 115 156 155 147 153 217 213 200
 72 109 177 140  78  71  99 109 121  76  64  63  71 114 140 157 171 136  73  93 118 132 129 129 160 211 161  81
133 104 178 146  60  79  77  88 124  99  66  64  82 122 147 155 176 195 194  92 118 148 139 127 172 187  95 105
111 113 181 134  59  76  64  84 118 110  67  65 105 126 150 155 167 186 207 162 122 149 140 155 210 143 114 108
 98 119 180 132  60  69  62  71 111  95  77  78 120 138 151 151 162 179 202 206 134 146 139 170 203 120 109 103
 90 130 178 136  59  64  64  75  94  77  58 107 111 149 154 150 157 170 194 212 133 105 113 167 169  99 103  91
113 143 178 126  60  63  72  69  99  61  69 105 131 150 154 153 153 163 183 206 163 107  91 170  93  97 102  83
 85 165 178 111  64  75  84  80  86  70 109 136 143 149 153 156 156 161 175 196 189 105 127 122  98  95 106  75
